-rukuh
### End of chapters
1|7
2|286
3|200
4|176
5|120
6|165
7|206
8|75
9|129
10|109
11|123
12|111
13|43
14|52
15|99
16|128
17|111
18|110
19|98
20|135
21|112
22|78
23|118
24|64
25|77
26|227
27|93
28|88
29|69
30|60
31|34
32|30
33|73
34|54
35|45
36|83
37|182
38|88
39|75
40|85
41|54
42|53
43|89
44|59
45|37
46|35
47|38
48|29
49|18
50|45
51|60
52|49
53|62
54|55
55|78
56|96
57|29
58|22
59|24
60|13
61|14
62|11
63|11
64|18
65|12
66|12
67|30
68|52
69|52
70|44
71|28
72|28
73|20
74|56
75|40
76|31
77|50
78|40
79|46
80|42
81|29
82|19
83|36
84|25
85|22
86|17
87|19
88|26
89|30
90|20
91|15
92|21
93|11
94|8
95|8
96|19
97|5
98|8
99|8
100|11
101|11
102|8
103|3
104|9
105|5
106|4
107|7
108|3
109|6
110|3
111|5
112|4
113|5
114|6

################## WITHIN CHAPTERS
2|7
2|20
2|29
2|39
2|46
2|59
2|61
2|71
2|82
2|86
2|96
2|103
2|112
2|121
2|129
2|141
2|147
2|152
2|163
2|167
2|176
2|182
2|188
2|196
2|210
2|216
2|221
2|228
2|231
2|235
2|242
2|248
2|253
2|257
2|260
2|266
2|273
2|281
2|283
3|9
3|20
3|30
3|41
3|54
3|63
3|71
3|80
3|91
3|101
3|109
3|120
3|129
3|143
3|148
3|155
3|171
3|180
3|189
4|10
4|14
4|22
4|25
4|33
4|42
4|50
4|59
4|70
4|76
4|87
4|91
4|96
4|100
4|104
4|112
4|115
4|126
4|134
4|141
4|152
4|162
4|171
5|5
5|11
5|19
5|26
5|34
5|43
5|50
5|56
5|66
5|77
5|86
5|93
5|100
5|108
5|115
6|10
6|20
6|30
6|41
6|50
6|55
6|60
6|70
6|82
6|90
6|94
6|100
6|110
6|121
6|129
6|140
6|144
6|150
6|154
7|10
7|25
7|31
7|39
7|47
7|53
7|58
7|64
7|72
7|84
7|93
7|99
7|108
7|126
7|129
7|141
7|147
7|151
7|157
7|162
7|171
7|181
7|188
8|10
8|19
8|28
8|37
8|44
8|48
8|58
8|64
8|69
9|6
9|16
9|24
9|29
9|37
9|42
9|59
9|66
9|72
9|80
9|89
9|99
9|110
9|118
9|122
10|10
10|20
10|30
10|40
10|53
10|60
10|70
10|82
10|92
10|103
11|8
11|24
11|35
11|49
11|60
11|68
11|83
11|95
11|109
12|6
12|20
12|29
12|35
12|42
12|49
12|57
12|68
12|79
12|93
12|104
13|7
13|18
13|26
13|31
13|37
14|6
14|12
14|21
14|27
14|34
14|41
15|15
15|25
15|44
15|60
15|79
16|9
16|21
16|25
16|34
16|40
16|50
16|60
16|65
16|70
16|76
16|83
16|89
16|100
16|110
16|119
17|10
17|22
17|30
17|40
17|52
17|60
17|70
17|77
17|84
17|93
17|100
18|12
18|17
18|22
18|31
18|44
18|49
18|53
18|59
18|70
18|82
18|101
19|15
19|40
19|50
19|65
19|82
20|24
20|54
20|76
20|89
20|104
20|115
20|128
21|10
21|29
21|41
21|50
21|75
21|93
22|10
22|22
22|25
22|33
22|38
22|48
22|57
22|64
22|72
23|22
23|32
23|50
23|77
23|92
24|10
24|20
24|26
24|34
24|40
24|50
24|57
24|61
25|9
25|20
25|34
25|44
25|60
26|9
26|33
26|52
26|69
26|104
26|122
26|140
26|159
26|175
26|191
27|14
27|31
27|44
27|58
27|66
27|82
28|13
28|21
28|28
28|42
28|50
28|60
28|75
29|13
29|22
29|30
29|44
29|51
29|63
30|10
30|19
30|27
30|40
30|53
31|11
31|19
32|11
32|22
33|8
33|20
33|27
33|34
33|40
33|52
33|58
33|68
34|9
34|21
34|30
34|36
34|45
35|7
35|14
35|26
35|37
36|12
36|32
36|50
36|67
37|21
37|74
37|113
37|138
38|14
38|26
38|40
38|64
39|9
39|21
39|31
39|41
39|52
39|63
39|70
40|9
40|20
40|27
40|37
40|50
40|60
40|68
40|78
41|8
41|18
41|25
41|32
41|44
42|9
42|19
42|29
42|43
43|15
43|25
43|35
43|45
43|56
43|67
44|29
44|42
45|11
45|21
45|26
46|10
46|20
46|26
47|11
47|19
47|28
48|10
48|17
48|26
49|10
50|15
50|29
51|23
51|46
52|28
53|25
53|32
54|22
54|40
55|25
55|45
56|38
56|74
57|10
57|19
57|25
58|6
58|13
59|10
59|17
60|6
61|9
62|8
63|8
64|10
65|7
66|7
67|14
68|33
69|37
70|35
71|20
72|19
73|19
74|31
75|30
76|22
77|40
78|30
79|26

############## Sajdah List
-sajdah
7|206
13|15
16|50
17|109
19|58
22|18
22|77
25|60
27|26
32|15
38|24
41|38
53|62
84|21
96|19

############# Hizb Quarters
-hizb-quarter
1|1
2|26
2|44
2|60
2|75
2|92
2|106
2|124
2|142
2|158
2|177
2|189
2|203
2|219
2|233
2|243
2|253
2|263
2|272
2|283
3|15
3|33
3|52
3|75
3|93
3|113
3|133
3|153
3|171
3|186
4|1
4|12
4|24
4|36
4|58
4|74
4|88
4|100
4|114
4|135
4|148
4|163
5|1
5|12
5|27
5|41
5|51
5|67
5|82
5|97
5|109
6|13
6|36
6|59
6|74
6|95
6|111
6|127
6|141
6|151
7|1
7|31
7|47
7|65
7|88
7|117
7|142
7|156
7|171
7|189
8|1
8|22
8|41
8|61
9|1
9|19
9|34
9|46
9|60
9|75
9|93
9|111
9|122
10|11
10|26
10|53
10|71
10|90
11|6
11|24
11|41
11|61
11|84
11|108
12|7
12|30
12|53
12|77
12|101
13|5
13|19
13|35
14|10
14|28
15|1
15|50
16|1
16|30
16|51
16|75
16|90
16|111
17|1
17|23
17|50
17|70
17|99
18|17
18|32
18|51
18|75
18|99
19|22
19|59
20|1
20|55
20|83
20|111
21|1
21|29
21|51
21|83
22|1
22|19
22|38
22|60
23|1
23|36
23|75
24|1
24|21
24|35
24|53
25|1
25|21
25|53
26|1
26|52
26|111
26|181
27|1
27|27
27|56
27|82
28|12
28|29
28|51
28|76
29|1
29|26
29|46
30|1
30|31
30|54
31|22
32|11
33|1
33|18
33|31
33|51
33|60
34|10
34|24
34|46
35|15
35|41
36|28
36|60
37|22
37|83
37|145
38|21
38|52
39|8
39|32
39|53
40|1
40|21
40|41
40|66
41|9
41|25
41|47
42|13
42|27
42|51
43|24
43|57
44|17
45|12
46|1
46|21
47|10
47|33
48|18
49|1
49|14
50|27
51|31
52|24
53|26
54|9
55|1
56|1
56|75
57|16
58|1
58|14
59|11
60|7
62|1
63|4
65|1
66|1
67|1
68|1
69|1
70|19
72|1
73|20
75|1
76|19
78|1
80|1
82|1
84|1
87|1
90|1
94|1
100|9
115|1

###### Manzils
-manzil
1|1
5|1
10|1
17|1
26|1
37|1
50|1
